chr6	30275800	30275850	2.79323
chr6	30275900	30275950	3.60076
chr6	30276100	30276150	3.60076
chr6	30276250	30276300	3.60076
chr6	30276350	30276450	3.60076
chr6	30276550	30276600	3.60076
chr6	30276650	30276800	3.60076
chr6	30276850	30276900	3.60076
chr6	30276950	30277000	3.60076
chr6	30277150	30277250	3.60076
chr6	30277400	30277450	2.79323
chr6	30277550	30277650	2.79323
chr6	30277700	30277800	2.79323
chr6	30290250	30290400	3.0026
chr6	30290500	30290550	3.0026
chr6	30290600	30290750	3.0026
chr6	30290950	30291100	3.0026
chr6	30291150	30291250	3.0026
chr6	30291350	30291400	3.0026
chr6	30291450	30291650	3.0026
chr6	30291900	30291950	3.0026
chr6	30292100	30292150	3.0026
chr6	30292200	30292350	3.0026
chr6	30292500	30292550	3.0026
chr6	30292800	30292850	3.0026
chr6	30293050	30293100	3.0026
chr6	30293150	30293200	3.0026
chr6	30374100	30374200	4.06733
chr6	30374300	30374450	4.06733
chr6	30374700	30374850	4.06733
chr6	30375100	30375200	4.06733
chr6	30375350	30375400	4.06733
chr6	30375600	30375750	4.06733
chr6	30375850	30375900	4.06733
chr6	30375950	30376050	4.06733
chr6	30376150	30376200	4.06733
chr6	30376250	30376350	4.06733
chr6	30376450	30376550	4.06733
chr6	30376650	30376700	4.06733
chr6	30376750	30376850	4.06733
chr6	30377000	30377050	4.06733
chr6	30377200	30377250	4.06733
chr6	30377300	30377350	4.06733
chr6	30377400	30377450	4.06733
chr6	30377650	30377700	4.06733
chr6	30377750	30377800	4.06733
chr6	30377850	30377900	4.06733
chr6	30378050	30378200	4.06733
chr6	30378300	30378350	4.06733
chr6	30378750	30378900	4.06733
chr6	30379150	30379250	4.06733
chr6	30379300	30379400	4.06733
chr6	30379550	30379650	4.06733
chr6	30379900	30380000	4.06733
chr6	30380050	30380100	4.06733
chr6	30380200	30380300	4.06733
chr6	30414300	30414350	3.53667
chr6	30414500	30414550	3.53667
chr6	30414800	30414850	3.53667
chr6	30415200	30415250	3.53667
chr6	30415350	30415400	3.53667
chr6	30415450	30415550	3.53667
chr6	30415650	30415750	3.53667
chr6	30599700	30599750	2.50903
chr6	30599950	30600050	2.50903
chr6	30600150	30600200	2.50903
chr6	30600250	30600350	2.50903
chr6	30600400	30600450	2.50903
chr6	30600500	30600550	2.50903
chr6	30601100	30601200	3.88499
chr6	30601250	30601300	2.50903
chr6	30601450	30601550	3.14361
chr6	30601600	30601650	3.14361
chr6	30601800	30601900	3.14361
chr6	30602000	30602150	3.14361
chr6	30602500	30602600	3.14361
chr6	30602700	30602850	3.14361
chr6	30602900	30603100	3.14361
chr6	30603450	30603550	3.14361
chr6	30603900	30604000	3.14361
chr6	30604050	30604100	3.14361
chr6	30604150	30604200	3.14361
chr6	30604250	30604300	3.14361
chr6	30604400	30604650	3.14361
chr6	30604700	30604750	3.14361
chr6	30605000	30605050	2.50903
chr6	30605200	30605250	2.50903
chr6	30605350	30605400	2.50903
chr6	30605850	30605900	2.50903
chr6	30606100	30606200	2.50903
chr6	30606250	30606350	2.50903
chr6	30606550	30606600	2.50903
chr6	30606700	30606750	2.50903
chr6	30606900	30606950	2.50903
chr6	30607050	30607100	2.50903
chr6	30607300	30607350	2.50903
chr6	30607400	30607550	2.50903
chr6	30607600	30607700	2.50903
chr6	30607850	30607900	2.50903
chr6	30608000	30608050	2.50903
chr6	30608150	30608300	3.88499
chr6	30608450	30608500	3.88499
chr6	30608800	30608850	3.88499
chr6	30608950	30609000	3.88499
chr6	30609050	30609100	3.88499
chr6	30609200	30609300	3.88499
chr6	30609400	30609450	3.88499
chr6	30609500	30609550	3.88499
chr6	30609600	30609650	3.88499
chr6	30609750	30609900	3.88499
chr6	30610100	30610200	2.50903
chr6	30610250	30610300	2.50903
chr6	30610350	30610400	2.50903
chr6	30610550	30610650	2.50903
chr6	30611050	30611100	2.50903
chr6	30611150	30611200	2.50903
chr6	30611250	30611300	2.50903
chr6	30612200	30612300	2.42985
chr6	30612350	30612500	2.42985
chr6	30612550	30612600	2.42985
chr6	30612650	30612700	2.42985
chr6	30612750	30612800	3.80496
chr6	30612850	30612900	3.80496
chr6	30612950	30613000	3.80496
chr6	30613050	30613100	3.80496
chr6	30613150	30613200	3.80496
chr6	30613500	30613550	3.80496
chr6	30613600	30613650	3.80496
chr6	30790050	30790300	2.35661
chr6	30790350	30790550	2.35661
chr6	30790600	30790750	2.35661
chr6	30790900	30790950	2.35661
chr6	30791200	30791600	3.73083
chr6	30791650	30791700	3.73083
chr6	30791900	30791950	3.73083
chr6	30792000	30792050	3.73083
chr6	30792100	30792150	3.73083
chr6	30793700	30793800	2.54126
chr6	30793950	30794100	2.54126
chr6	30794250	30794300	2.54126
chr6	30794600	30794650	2.54126
chr6	30794700	30794750	2.54126
chr6	30794850	30794900	2.54126
chr6	30795000	30795050	2.54126
chr6	30795100	30795150	2.54126
chr6	30795250	30795300	2.54126
chr6	30845900	30846000	3.27886
chr6	30846050	30846100	3.27886
chr6	30846150	30846250	3.27886
chr6	30846300	30846550	3.27886
chr6	30846600	30846750	3.27886
chr6	30846800	30846900	3.27886
chr6	30847000	30847050	3.27886
chr6	30847100	30847150	3.27886
chr6	30847200	30847250	3.27886
chr6	30847300	30847350	3.27886
chr6	30847450	30847500	3.27886
chr6	30881700	30881900	2.93592
chr6	30882000	30882050	2.93592
chr6	30882350	30882400	2.93592
chr6	30882450	30882600	2.93592
chr6	30882700	30882750	2.93592
chr6	30882950	30883150	2.93592
chr6	30883200	30883250	2.93592
chr6	30883300	30883500	2.93592
chr6	30883550	30883700	2.93592
chr6	31080850	31080900	2.6824
chr6	31081150	31081300	2.6824
chr6	31081350	31081450	2.6824
chr6	31081750	31081800	2.6824
chr6	31082250	31082350	2.6824
chr6	31083300	31083400	2.6457
chr6	31083450	31083550	2.6457
chr6	31083600	31083650	2.6457
chr6	31083700	31083800	2.6457
chr6	31083950	31084100	2.6457
chr6	31084450	31084500	3.25775
chr6	31084550	31084600	3.25775
chr6	31084650	31084700	3.25775
chr6	31084850	31084900	3.25775
chr6	31085250	31085400	2.73232
chr6	31085450	31085500	2.73232
chr6	31085550	31085650	2.73232
chr6	31085850	31085950	2.73232
chr6	31086000	31086050	2.73232
chr6	31086100	31086150	2.73232
chr6	31086250	31086300	2.73232
chr6	31086350	31086450	2.73232
chr6	31086550	31086600	2.73232
chr6	31086700	31086750	2.73232
chr6	31086800	31086850	2.73232
chr6	31086900	31086950	2.73232
chr6	31087050	31087100	2.73232
chr6	31087150	31087200	2.73232
chr6	31087300	31087400	2.73232
chr6	31087450	31087600	2.73232
chr6	31087750	31087800	2.73232
chr6	31087900	31087950	2.73232
chr6	31088000	31088100	2.73232
chr6	31088350	31088500	2.73232
chr6	31110550	31110600	3.07406
chr6	31110750	31110800	3.07406
chr6	31110850	31110900	3.07406
chr6	31111100	31111150	3.07406
chr6	31112650	31112750	3.52945
chr6	31112900	31112950	4.99393
chr6	31113100	31113150	4.99393
chr6	31113450	31113500	4.99393
chr6	31113550	31113600	4.99393
chr6	31113750	31113800	4.99393
chr6	31113850	31113900	4.99393
chr6	31114200	31114250	4.99393
chr6	31114350	31114400	4.99393
chr6	31114450	31114500	3.52945
chr6	31114550	31114650	3.52945
chr6	31116500	31116550	3.07406
chr6	31116650	31116700	3.07406
chr6	31117100	31117150	3.07406
chr6	31117300	31117350	3.07406
chr6	31117450	31117650	3.07406
chr6	31117750	31117800	3.07406
chr6	31132050	31132150	3.00451
chr6	31132300	31132350	2.84083
chr6	31132650	31132750	2.84083
chr6	31133800	31133950	6.21012
chr6	31134200	31134250	3.79593
chr6	31134300	31134400	3.79593
chr6	31134550	31134600	3.79593
chr6	31134650	31134700	4.29468
chr6	31134800	31134850	4.29468
chr6	31134900	31134950	4.8737
chr6	31135250	31135350	4.8737
chr6	31135550	31135600	4.8737
chr6	31135650	31135700	4.29468
chr6	31135800	31135900	2.48322
chr6	31136150	31136200	2.48322
chr6	31136450	31136500	2.79065
chr6	31136550	31136600	2.79065
chr6	31136650	31136700	2.79065
chr6	31137400	31137450	4.16814
chr6	31138000	31138050	4.03069
chr6	31138350	31138400	4.03069
chr6	31142900	31143050	2.41866
chr6	31143200	31143250	2.48265
chr6	31143300	31143400	2.48265
chr6	31143450	31143500	3.38872
chr6	31143550	31143600	3.38872
chr6	31143650	31143700	3.38872
chr6	31261250	31261400	2.31159
chr6	31261450	31261500	2.31159
chr6	31261550	31261600	2.31159
chr6	31261650	31261700	2.31159
chr6	31261750	31261900	2.31159
chr6	31262400	31262450	2.31159
chr6	31262500	31262550	2.31159
chr6	31262600	31262650	2.31159
chr6	31262700	31262750	2.31159
chr6	31262900	31263000	2.31159
chr6	31263150	31263300	2.31159
chr6	31263400	31263650	2.31159
chr6	31263800	31263900	2.31159
chr6	31263950	31264000	2.31159
chr6	31264050	31264100	2.31159
chr6	31264150	31264300	2.31159
chr6	31264500	31264550	2.31159
chr6	31264650	31264700	2.31159
chr6	31265050	31265150	2.31159
chr6	31265300	31265350	2.31159
chr6	31369750	31369800	3.0437
chr6	31370050	31370100	3.0437
chr6	31370200	31370250	3.0437
chr6	31370400	31370450	3.0437
chr6	31370550	31370650	4.42402
chr6	31370750	31370850	4.42402
chr6	31370900	31370950	4.42402
chr6	31402400	31402450	2.38091
chr6	31403000	31403100	2.38091
chr6	31403500	31403600	2.38091
chr6	31403750	31404050	2.38091
chr6	31404100	31404350	2.38091
chr6	31404400	31404450	2.38091
chr6	31404600	31404650	2.38091
chr6	31404750	31404800	2.38091
chr6	31404900	31404950	2.38091
chr6	31405000	31405100	2.38091
chr6	31405250	31405300	2.38091
chr6	31405450	31405550	2.38091
chr6	31405750	31405800	2.38091
chr6	31406100	31406150	2.38091
chr6	31406250	31406300	2.38091
chr6	31406350	31406500	2.38091
chr6	31406750	31406800	2.38091
chr6	31406850	31406950	2.38091
chr6	31407250	31407500	2.38091
chr6	31407600	31407750	2.38091
chr6	31408000	31408050	2.38091
chr6	31474750	31474800	3.0377
chr6	31474850	31474900	3.0377
chr6	31474950	31475050	3.0377
chr6	31475100	31475150	3.0377
chr6	31475250	31475350	3.0377
chr6	31475400	31475500	3.0377
chr6	31475550	31475600	3.0377
chr6	31475800	31475850	3.0377
chr6	31475900	31475950	3.0377
chr6	31476000	31476100	3.0377
chr6	31476200	31476300	3.0377
chr6	31476400	31476450	3.0377
chr6	31476600	31476650	3.0377
chr6	31476850	31476900	3.0377
chr6	31477050	31477100	3.0377
chr6	31477300	31477350	3.0377
chr6	31477550	31477650	3.0377
chr6	31478000	31478150	3.0377
chr6	31478200	31478250	3.0377
chr6	31478450	31478500	3.3852
chr6	31537800	31537850	2.90416
chr6	31602850	31602900	2.39961
chr6	31602950	31603100	2.39961
chr6	31603200	31603250	2.39961
chr6	31603300	31603350	2.39961
chr6	31603550	31603600	2.39961
chr6	31603700	31603750	2.39961
chr6	31603800	31603950	2.39961
chr6	31614100	31614150	3.63727
chr6	31614200	31614350	3.63727
chr6	31614400	31614450	3.63727
chr6	31614800	31614850	3.63727
chr6	31615050	31615100	3.63727
chr6	31634350	31634450	2.57181
chr6	31634550	31634600	2.57181
chr6	31634700	31634750	2.57181
chr6	31634800	31634900	3.37846
chr6	31634950	31635050	3.37846
chr6	31635100	31635200	3.37846
chr6	31635350	31635450	3.26111
chr6	31635550	31635700	3.26111
chr6	31635750	31635800	3.26111
chr6	31635850	31635900	3.26111
chr6	31636050	31636150	3.26111
chr6	31636200	31636250	3.26111
chr6	31636300	31636450	3.26111
chr6	31636600	31636700	2.7967
chr6	31636800	31636900	2.7967
chr6	31636950	31637000	2.7967
chr6	31637050	31637150	2.7967
chr6	31657950	31658200	3.66185
chr6	31658250	31658300	3.66185
chr6	31658400	31658450	3.66185
chr6	31658550	31658600	3.66185
chr6	31721250	31721300	3.2344
chr6	31721350	31721450	3.2344
chr6	31721550	31721600	3.2344
chr6	31721650	31721700	3.2344
chr6	31721850	31721950	3.2344
chr6	31722100	31722250	3.2344
chr6	31722300	31722400	3.2344
chr6	31722450	31722500	3.2344
chr6	31722600	31722700	3.2344
chr6	31722750	31722800	3.2344
chr6	31722900	31722950	3.2344
chr6	31723150	31723200	3.2344
chr6	31723250	31723400	3.2344
chr6	31723450	31723500	3.2344
chr6	31723600	31723650	3.2344
chr6	31723750	31723800	3.2344
chr6	31723900	31723950	3.2344
chr6	31724150	31724200	3.2344
chr6	31724450	31724650	3.2344
chr6	31724700	31724750	3.2344
chr6	31724900	31724950	3.2344
chr6	31737000	31737050	3.32538
chr6	31737150	31737300	3.32538
chr6	31737350	31737450	3.32538
chr6	31737550	31737600	3.32538
chr6	31737650	31737700	3.32538
chr6	31737750	31737800	3.32538
chr6	31737900	31738050	3.32538
chr6	31738150	31738400	3.32538
chr6	31749600	31749650	2.68102
chr6	31749700	31749750	2.68102
chr6	31828200	31828250	2.79411
chr6	31828400	31828550	2.79411
chr6	31828600	31828700	2.79411
chr6	31829000	31829050	2.79411
chr6	31829350	31829450	2.79411
chr6	31829500	31829550	2.79411
chr6	31829600	31829650	2.79411
chr6	31839200	31839300	4.29043
chr6	31839350	31839400	4.29043
chr6	31839500	31839600	4.29043
chr6	31839700	31839750	4.29043
chr6	31840050	31840150	4.29043
chr6	31840250	31840400	4.29043
chr6	31840500	31840550	2.91104
chr6	31840750	31840800	2.91104
chr6	31841050	31841100	2.91104
chr6	31841350	31841500	2.91104
chr6	31841600	31841650	2.91104
chr6	31841800	31841850	2.91104
chr6	31842000	31842100	2.91104
chr6	31842250	31842300	2.91104
chr6	31842350	31842400	2.91104
chr6	31866300	31866350	2.56861
chr6	31866500	31866650	2.56861
chr6	31866850	31866900	2.56861
chr6	31867200	31867300	2.56861
chr6	31912700	31912800	2.45507
chr6	31913200	31913300	2.45507
chr6	31913500	31913600	2.45507
chr6	31920950	31921050	3.19699
chr6	31921100	31921200	4.57814
chr6	31921300	31921350	3.49331
chr6	31921400	31921450	3.49331
chr6	31921550	31921650	3.49331
chr6	31921900	31921950	3.49331
chr6	31922150	31922200	2.40609
chr6	31924200	31924250	2.40609
chr6	31924300	31924350	2.32685
chr6	31924400	31924450	2.32685
chr6	31924500	31924600	2.32685
chr6	31924650	31924700	2.32685
chr6	31925100	31925150	2.32685
chr6	31925200	31925350	2.32685
chr6	31925600	31925650	2.32685
chr6	32051850	32052000	2.78638
chr6	32052300	32052350	2.78638
chr6	32052400	32052500	2.78638
chr6	32052600	32052650	2.78638
chr6	32052850	32052900	2.78638
chr6	32053050	32053150	2.78638
chr6	32053300	32053350	2.78638
chr6	32053450	32053500	2.78638
chr6	32053550	32053600	2.78638
chr6	32053700	32053750	2.78638
chr6	32053800	32053850	2.78638
chr6	32057050	32057100	3.02504
chr6	32057950	32058100	2.85653
chr6	32058150	32058250	2.85653
chr6	32058300	32058350	2.85653
chr6	32058450	32058600	2.85653
chr6	32058650	32058900	2.85653
chr6	32058950	32059000	2.85653
chr6	32059150	32059200	2.85653
chr6	32073900	32073950	2.32703
chr6	32074150	32074200	2.32703
chr6	32074250	32074300	2.32703
chr6	32074350	32074450	2.32703
chr6	32118700	32118750	2.63223
chr6	32118950	32119200	2.63223
chr6	32119250	32119300	2.63223
chr6	32119350	32119500	2.63223
chr6	32119650	32119700	2.63223
chr6	32119800	32119950	2.63223
chr6	32123250	32123300	2.75787
chr6	32123450	32123500	2.75787
