chr6	30275325	30276325	2.79323
chr6	30275425	30276425	3.60076
chr6	30275625	30276625	3.60076
chr6	30275775	30276775	3.60076
chr6	30275900	30276900	3.60076
chr6	30276075	30277075	3.60076
chr6	30276225	30277225	3.60076
chr6	30276375	30277375	3.60076
chr6	30276475	30277475	3.60076
chr6	30276700	30277700	3.60076
chr6	30276925	30277925	2.79323
chr6	30277100	30278100	2.79323
chr6	30277250	30278250	2.79323
chr6	30289825	30290825	3.0026
chr6	30290025	30291025	3.0026
chr6	30290175	30291175	3.0026
chr6	30290525	30291525	3.0026
chr6	30290700	30291700	3.0026
chr6	30290875	30291875	3.0026
chr6	30291050	30292050	3.0026
chr6	30291425	30292425	3.0026
chr6	30291625	30292625	3.0026
chr6	30291775	30292775	3.0026
chr6	30292025	30293025	3.0026
chr6	30292325	30293325	3.0026
chr6	30292575	30293575	3.0026
chr6	30292675	30293675	3.0026
chr6	30373650	30374650	4.06733
chr6	30373875	30374875	4.06733
chr6	30374275	30375275	4.06733
chr6	30374650	30375650	4.06733
chr6	30374875	30375875	4.06733
chr6	30375175	30376175	4.06733
chr6	30375375	30376375	4.06733
chr6	30375500	30376500	4.06733
chr6	30375675	30376675	4.06733
chr6	30375800	30376800	4.06733
chr6	30376000	30377000	4.06733
chr6	30376175	30377175	4.06733
chr6	30376300	30377300	4.06733
chr6	30376525	30377525	4.06733
chr6	30376725	30377725	4.06733
chr6	30376825	30377825	4.06733
chr6	30376925	30377925	4.06733
chr6	30377175	30378175	4.06733
chr6	30377275	30378275	4.06733
chr6	30377375	30378375	4.06733
chr6	30377625	30378625	4.06733
chr6	30377825	30378825	4.06733
chr6	30378325	30379325	4.06733
chr6	30378700	30379700	4.06733
chr6	30378850	30379850	4.06733
chr6	30379100	30380100	4.06733
chr6	30379450	30380450	4.06733
chr6	30379575	30380575	4.06733
chr6	30379750	30380750	4.06733
chr6	30413825	30414825	3.53667
chr6	30414025	30415025	3.53667
chr6	30414325	30415325	3.53667
chr6	30414725	30415725	3.53667
chr6	30414875	30415875	3.53667
chr6	30415000	30416000	3.53667
chr6	30415200	30416200	3.53667
chr6	30599225	30600225	2.50903
chr6	30599500	30600500	2.50903
chr6	30599675	30600675	2.50903
chr6	30599800	30600800	2.50903
chr6	30599925	30600925	2.50903
chr6	30600025	30601025	2.50903
chr6	30600650	30601650	3.88499
chr6	30600775	30601775	2.50903
chr6	30601000	30602000	3.14361
chr6	30601125	30602125	3.14361
chr6	30601350	30602350	3.14361
chr6	30601575	30602575	3.14361
chr6	30602050	30603050	3.14361
chr6	30602275	30603275	3.14361
chr6	30602500	30603500	3.14361
chr6	30603000	30604000	3.14361
chr6	30603450	30604450	3.14361
chr6	30603575	30604575	3.14361
chr6	30603675	30604675	3.14361
chr6	30603775	30604775	3.14361
chr6	30604025	30605025	3.14361
chr6	30604225	30605225	3.14361
chr6	30604525	30605525	2.50903
chr6	30604725	30605725	2.50903
chr6	30604875	30605875	2.50903
chr6	30605375	30606375	2.50903
chr6	30605650	30606650	2.50903
chr6	30605800	30606800	2.50903
chr6	30606075	30607075	2.50903
chr6	30606225	30607225	2.50903
chr6	30606425	30607425	2.50903
chr6	30606575	30607575	2.50903
chr6	30606825	30607825	2.50903
chr6	30606975	30607975	2.50903
chr6	30607150	30608150	2.50903
chr6	30607375	30608375	2.50903
chr6	30607525	30608525	2.50903
chr6	30607725	30608725	3.88499
chr6	30607975	30608975	3.88499
chr6	30608325	30609325	3.88499
chr6	30608475	30609475	3.88499
chr6	30608575	30609575	3.88499
chr6	30608750	30609750	3.88499
chr6	30608925	30609925	3.88499
chr6	30609025	30610025	3.88499
chr6	30609125	30610125	3.88499
chr6	30609325	30610325	3.88499
chr6	30609650	30610650	2.50903
chr6	30609775	30610775	2.50903
chr6	30609875	30610875	2.50903
chr6	30610100	30611100	2.50903
chr6	30610575	30611575	2.50903
chr6	30610675	30611675	2.50903
chr6	30610775	30611775	2.50903
chr6	30611750	30612750	2.42985
chr6	30611925	30612925	2.42985
chr6	30612075	30613075	2.42985
chr6	30612175	30613175	2.42985
chr6	30612275	30613275	3.80496
chr6	30612375	30613375	3.80496
chr6	30612475	30613475	3.80496
chr6	30612575	30613575	3.80496
chr6	30612675	30613675	3.80496
chr6	30613025	30614025	3.80496
chr6	30613125	30614125	3.80496
chr6	30789675	30790675	2.35661
chr6	30789950	30790950	2.35661
chr6	30790175	30791175	2.35661
chr6	30790425	30791425	2.35661
chr6	30790900	30791900	3.73083
chr6	30791175	30792175	3.73083
chr6	30791425	30792425	3.73083
chr6	30791525	30792525	3.73083
chr6	30791625	30792625	3.73083
chr6	30793250	30794250	2.54126
chr6	30793525	30794525	2.54126
chr6	30793775	30794775	2.54126
chr6	30794125	30795125	2.54126
chr6	30794225	30795225	2.54126
chr6	30794375	30795375	2.54126
chr6	30794525	30795525	2.54126
chr6	30794625	30795625	2.54126
chr6	30794775	30795775	2.54126
chr6	30845450	30846450	3.27886
chr6	30845575	30846575	3.27886
chr6	30845700	30846700	3.27886
chr6	30845925	30846925	3.27886
chr6	30846175	30847175	3.27886
chr6	30846350	30847350	3.27886
chr6	30846525	30847525	3.27886
chr6	30846625	30847625	3.27886
chr6	30846725	30847725	3.27886
chr6	30846825	30847825	3.27886
chr6	30846975	30847975	3.27886
chr6	30881300	30882300	2.93592
chr6	30881525	30882525	2.93592
chr6	30881875	30882875	2.93592
chr6	30882025	30883025	2.93592
chr6	30882225	30883225	2.93592
chr6	30882550	30883550	2.93592
chr6	30882725	30883725	2.93592
chr6	30882900	30883900	2.93592
chr6	30883125	30884125	2.93592
chr6	31080375	31081375	2.6824
chr6	31080725	31081725	2.6824
chr6	31080900	31081900	2.6824
chr6	31081275	31082275	2.6824
chr6	31081800	31082800	2.6824
chr6	31082850	31083850	2.6457
chr6	31083000	31084000	2.6457
chr6	31083125	31084125	2.6457
chr6	31083250	31084250	2.6457
chr6	31083525	31084525	2.6457
chr6	31083975	31084975	3.25775
chr6	31084075	31085075	3.25775
chr6	31084175	31085175	3.25775
chr6	31084375	31085375	3.25775
chr6	31084825	31085825	2.73232
chr6	31084975	31085975	2.73232
chr6	31085100	31086100	2.73232
chr6	31085400	31086400	2.73232
chr6	31085525	31086525	2.73232
chr6	31085625	31086625	2.73232
chr6	31085775	31086775	2.73232
chr6	31085900	31086900	2.73232
chr6	31086075	31087075	2.73232
chr6	31086225	31087225	2.73232
chr6	31086325	31087325	2.73232
chr6	31086425	31087425	2.73232
chr6	31086575	31087575	2.73232
chr6	31086675	31087675	2.73232
chr6	31086850	31087850	2.73232
chr6	31087025	31088025	2.73232
chr6	31087275	31088275	2.73232
chr6	31087425	31088425	2.73232
chr6	31087550	31088550	2.73232
chr6	31087925	31088925	2.73232
chr6	31110075	31111075	3.07406
chr6	31110275	31111275	3.07406
chr6	31110375	31111375	3.07406
chr6	31110625	31111625	3.07406
chr6	31112200	31113200	3.52945
chr6	31112425	31113425	4.99393
chr6	31112625	31113625	4.99393
chr6	31112975	31113975	4.99393
chr6	31113075	31114075	4.99393
chr6	31113275	31114275	4.99393
chr6	31113375	31114375	4.99393
chr6	31113725	31114725	4.99393
chr6	31113875	31114875	4.99393
chr6	31113975	31114975	3.52945
chr6	31114100	31115100	3.52945
chr6	31116025	31117025	3.07406
chr6	31116175	31117175	3.07406
chr6	31116625	31117625	3.07406
chr6	31116825	31117825	3.07406
chr6	31117050	31118050	3.07406
chr6	31117275	31118275	3.07406
chr6	31131600	31132600	3.00451
chr6	31131825	31132825	2.84083
chr6	31132200	31133200	2.84083
chr6	31133375	31134375	6.21012
chr6	31133725	31134725	3.79593
chr6	31133850	31134850	3.79593
chr6	31134075	31135075	3.79593
chr6	31134175	31135175	4.29468
chr6	31134325	31135325	4.29468
chr6	31134425	31135425	4.8737
chr6	31134800	31135800	4.8737
chr6	31135075	31136075	4.8737
chr6	31135175	31136175	4.29468
chr6	31135350	31136350	2.48322
chr6	31135675	31136675	2.48322
chr6	31135975	31136975	2.79065
chr6	31136075	31137075	2.79065
chr6	31136175	31137175	2.79065
chr6	31136925	31137925	4.16814
chr6	31137525	31138525	4.03069
chr6	31137875	31138875	4.03069
chr6	31142475	31143475	2.41866
chr6	31142725	31143725	2.48265
chr6	31142850	31143850	2.48265
chr6	31142975	31143975	3.38872
chr6	31143075	31144075	3.38872
chr6	31143175	31144175	3.38872
chr6	31260825	31261825	2.31159
chr6	31260975	31261975	2.31159
chr6	31261075	31262075	2.31159
chr6	31261175	31262175	2.31159
chr6	31261325	31262325	2.31159
chr6	31261925	31262925	2.31159
chr6	31262025	31263025	2.31159
chr6	31262125	31263125	2.31159
chr6	31262225	31263225	2.31159
chr6	31262450	31263450	2.31159
chr6	31262725	31263725	2.31159
chr6	31263025	31264025	2.31159
chr6	31263350	31264350	2.31159
chr6	31263475	31264475	2.31159
chr6	31263575	31264575	2.31159
chr6	31263725	31264725	2.31159
chr6	31264025	31265025	2.31159
chr6	31264175	31265175	2.31159
chr6	31264600	31265600	2.31159
chr6	31264825	31265825	2.31159
chr6	31369275	31370275	3.0437
chr6	31369575	31370575	3.0437
chr6	31369725	31370725	3.0437
chr6	31369925	31370925	3.0437
chr6	31370100	31371100	4.42402
chr6	31370300	31371300	4.42402
chr6	31370425	31371425	4.42402
chr6	31401925	31402925	2.38091
chr6	31402550	31403550	2.38091
chr6	31403050	31404050	2.38091
chr6	31403400	31404400	2.38091
chr6	31403725	31404725	2.38091
chr6	31403925	31404925	2.38091
chr6	31404125	31405125	2.38091
chr6	31404275	31405275	2.38091
chr6	31404425	31405425	2.38091
chr6	31404550	31405550	2.38091
chr6	31404775	31405775	2.38091
chr6	31405000	31406000	2.38091
chr6	31405275	31406275	2.38091
chr6	31405625	31406625	2.38091
chr6	31405775	31406775	2.38091
chr6	31405925	31406925	2.38091
chr6	31406275	31407275	2.38091
chr6	31406400	31407400	2.38091
chr6	31406875	31407875	2.38091
chr6	31407175	31408175	2.38091
chr6	31407525	31408525	2.38091
chr6	31474275	31475275	3.0377
chr6	31474375	31475375	3.0377
chr6	31474500	31475500	3.0377
chr6	31474625	31475625	3.0377
chr6	31474800	31475800	3.0377
chr6	31474950	31475950	3.0377
chr6	31475075	31476075	3.0377
chr6	31475325	31476325	3.0377
chr6	31475425	31476425	3.0377
chr6	31475550	31476550	3.0377
chr6	31475750	31476750	3.0377
chr6	31475925	31476925	3.0377
chr6	31476125	31477125	3.0377
chr6	31476375	31477375	3.0377
chr6	31476575	31477575	3.0377
chr6	31476825	31477825	3.0377
chr6	31477100	31478100	3.0377
chr6	31477575	31478575	3.0377
chr6	31477725	31478725	3.0377
chr6	31477975	31478975	3.3852
chr6	31537325	31538325	2.90416
chr6	31602375	31603375	2.39961
chr6	31602525	31603525	2.39961
chr6	31602725	31603725	2.39961
chr6	31602825	31603825	2.39961
chr6	31603075	31604075	2.39961
chr6	31603225	31604225	2.39961
chr6	31603375	31604375	2.39961
chr6	31613625	31614625	3.63727
chr6	31613775	31614775	3.63727
chr6	31613925	31614925	3.63727
chr6	31614325	31615325	3.63727
chr6	31614575	31615575	3.63727
chr6	31633900	31634900	2.57181
chr6	31634075	31635075	2.57181
chr6	31634225	31635225	2.57181
chr6	31634350	31635350	3.37846
chr6	31634500	31635500	3.37846
chr6	31634650	31635650	3.37846
chr6	31634900	31635900	3.26111
chr6	31635125	31636125	3.26111
chr6	31635275	31636275	3.26111
chr6	31635375	31636375	3.26111
chr6	31635600	31636600	3.26111
chr6	31635725	31636725	3.26111
chr6	31635875	31636875	3.26111
chr6	31636150	31637150	2.7967
chr6	31636350	31637350	2.7967
chr6	31636475	31637475	2.7967
chr6	31636600	31637600	2.7967
chr6	31657575	31658575	3.66185
chr6	31657775	31658775	3.66185
chr6	31657925	31658925	3.66185
chr6	31658075	31659075	3.66185
chr6	31720775	31721775	3.2344
chr6	31720900	31721900	3.2344
chr6	31721075	31722075	3.2344
chr6	31721175	31722175	3.2344
chr6	31721400	31722400	3.2344
chr6	31721675	31722675	3.2344
chr6	31721850	31722850	3.2344
chr6	31721975	31722975	3.2344
chr6	31722150	31723150	3.2344
chr6	31722275	31723275	3.2344
chr6	31722425	31723425	3.2344
chr6	31722675	31723675	3.2344
chr6	31722825	31723825	3.2344
chr6	31722975	31723975	3.2344
chr6	31723125	31724125	3.2344
chr6	31723275	31724275	3.2344
chr6	31723425	31724425	3.2344
chr6	31723675	31724675	3.2344
chr6	31724050	31725050	3.2344
chr6	31724225	31725225	3.2344
chr6	31724425	31725425	3.2344
chr6	31736525	31737525	3.32538
chr6	31736725	31737725	3.32538
chr6	31736900	31737900	3.32538
chr6	31737075	31738075	3.32538
chr6	31737175	31738175	3.32538
chr6	31737275	31738275	3.32538
chr6	31737475	31738475	3.32538
chr6	31737775	31738775	3.32538
chr6	31749125	31750125	2.68102
chr6	31749225	31750225	2.68102
chr6	31827725	31828725	2.79411
chr6	31827975	31828975	2.79411
chr6	31828150	31829150	2.79411
chr6	31828525	31829525	2.79411
chr6	31828900	31829900	2.79411
chr6	31829025	31830025	2.79411
chr6	31829125	31830125	2.79411
chr6	31838750	31839750	4.29043
chr6	31838875	31839875	4.29043
chr6	31839050	31840050	4.29043
chr6	31839225	31840225	4.29043
chr6	31839600	31840600	4.29043
chr6	31839825	31840825	4.29043
chr6	31840025	31841025	2.91104
chr6	31840275	31841275	2.91104
chr6	31840575	31841575	2.91104
chr6	31840925	31841925	2.91104
chr6	31841125	31842125	2.91104
chr6	31841325	31842325	2.91104
chr6	31841550	31842550	2.91104
chr6	31841775	31842775	2.91104
chr6	31841875	31842875	2.91104
chr6	31865825	31866825	2.56861
chr6	31866075	31867075	2.56861
chr6	31866375	31867375	2.56861
chr6	31866750	31867750	2.56861
chr6	31912250	31913250	2.45507
chr6	31912750	31913750	2.45507
chr6	31913050	31914050	2.45507
chr6	31920500	31921500	3.19699
chr6	31920650	31921650	4.57814
chr6	31920825	31921825	3.49331
chr6	31920925	31921925	3.49331
chr6	31921100	31922100	3.49331
chr6	31921425	31922425	3.49331
chr6	31921675	31922675	2.40609
chr6	31923725	31924725	2.40609
chr6	31923825	31924825	2.32685
chr6	31923925	31924925	2.32685
chr6	31924050	31925050	2.32685
chr6	31924175	31925175	2.32685
chr6	31924625	31925625	2.32685
chr6	31924775	31925775	2.32685
chr6	31925125	31926125	2.32685
chr6	32051425	32052425	2.78638
chr6	32051825	32052825	2.78638
chr6	32051950	32052950	2.78638
chr6	32052125	32053125	2.78638
chr6	32052375	32053375	2.78638
chr6	32052600	32053600	2.78638
chr6	32052825	32053825	2.78638
chr6	32052975	32053975	2.78638
chr6	32053075	32054075	2.78638
chr6	32053225	32054225	2.78638
chr6	32053325	32054325	2.78638
chr6	32056575	32057575	3.02504
chr6	32057525	32058525	2.85653
chr6	32057700	32058700	2.85653
chr6	32057825	32058825	2.85653
chr6	32058025	32059025	2.85653
chr6	32058275	32059275	2.85653
chr6	32058475	32059475	2.85653
chr6	32058675	32059675	2.85653
chr6	32073425	32074425	2.32703
chr6	32073675	32074675	2.32703
chr6	32073775	32074775	2.32703
chr6	32073900	32074900	2.32703
chr6	32118225	32119225	2.63223
chr6	32118575	32119575	2.63223
chr6	32118775	32119775	2.63223
chr6	32118925	32119925	2.63223
chr6	32119175	32120175	2.63223
chr6	32119375	32120375	2.63223
chr6	32122775	32123775	2.75787
chr6	32122975	32123975	2.75787
