chr6	30275325	30278250	3.60076
chr6	30289825	30293675	3.0026
chr6	30373650	30380750	4.06733
chr6	30413825	30416200	3.53667
chr6	30599225	30614125	3.88499
chr6	30789675	30792625	3.73083
chr6	30793250	30795775	2.54126
chr6	30845450	30847975	3.27886
chr6	30881300	30884125	2.93592
chr6	31080375	31082800	2.6824
chr6	31082850	31088925	3.25775
chr6	31110075	31111625	3.07406
chr6	31112200	31115100	4.99393
chr6	31116025	31118275	3.07406
chr6	31131600	31133200	3.00451
chr6	31133375	31138875	6.21012
chr6	31142475	31144175	3.38872
chr6	31260825	31265825	2.31159
chr6	31369275	31371425	4.42402
chr6	31401925	31408525	2.38091
chr6	31474275	31478975	3.3852
chr6	31537325	31538325	2.90416
chr6	31602375	31604375	2.39961
chr6	31613625	31615575	3.63727
chr6	31633900	31637600	3.37846
chr6	31657575	31659075	3.66185
chr6	31720775	31725425	3.2344
chr6	31736525	31738775	3.32538
chr6	31749125	31750225	2.68102
chr6	31827725	31830125	2.79411
chr6	31838750	31842875	4.29043
chr6	31865825	31867750	2.56861
chr6	31912250	31914050	2.45507
chr6	31920500	31922675	4.57814
chr6	31923725	31926125	2.40609
chr6	32051425	32054325	2.78638
chr6	32056575	32059675	3.02504
chr6	32073425	32074900	2.32703
chr6	32118225	32120375	2.63223
chr6	32122775	32123975	2.75787
